dates,cumulativecount_medicalconditionincident_covid_19_confirmedcase
2020-01-03,0
2020-01-04,0
2020-01-05,0
2020-01-06,0
2020-01-07,0
2020-01-08,0
2020-01-09,0
2020-01-10,0
2020-01-11,0
2020-01-12,0
2020-01-13,0
2020-01-14,0
2020-01-15,0
2020-01-16,0
2020-01-17,0
2020-01-18,0
2020-01-19,0
2020-01-20,0
2020-01-21,0
2020-01-22,0
2020-01-23,0
2020-01-24,0
2020-01-25,0
2020-01-26,0
2020-01-27,0
2020-01-28,0
2020-01-29,0
2020-01-30,0
2020-01-31,0
2020-02-01,0
2020-02-02,0
2020-02-03,0
2020-02-04,0
2020-02-05,0
2020-02-06,0
2020-02-07,0
2020-02-08,0
2020-02-09,0
2020-02-10,0
2020-02-11,0
2020-02-12,0
2020-02-13,0
2020-02-14,0
2020-02-15,0
2020-02-16,0
2020-02-17,0
2020-02-18,0
2020-02-19,0
2020-02-20,0
2020-02-21,0
2020-02-22,0
2020-02-23,0
2020-02-24,0
2020-02-25,0
2020-02-26,0
2020-02-27,0
2020-02-28,0
2020-02-29,0
2020-03-01,0
2020-03-02,0
2020-03-03,0
2020-03-04,0
2020-03-05,0
2020-03-06,0
2020-03-07,0
2020-03-08,0
2020-03-09,0
2020-03-10,0
2020-03-11,0
2020-03-12,0
2020-03-13,0
2020-03-14,0
2020-03-15,0
2020-03-16,4
2020-03-17,4
2020-03-18,4
2020-03-19,4
2020-03-20,21
2020-03-21,41
2020-03-22,41
2020-03-23,46
2020-03-24,50
2020-03-25,56
2020-03-26,65
2020-03-27,88
2020-03-28,104
2020-03-29,144
2020-03-30,149
2020-03-31,167
2020-04-01,173
2020-04-02,190
2020-04-03,221
2020-04-04,241
2020-04-05,298
2020-04-06,390
2020-04-07,472
2020-04-08,534
2020-04-09,555
2020-04-10,624
2020-04-11,624
2020-04-12,796
2020-04-13,896
2020-04-14,1054
2020-04-15,1214
2020-04-16,1349
2020-04-17,1380
2020-04-18,1450
2020-04-19,1495
2020-04-20,1565
2020-04-21,1657
2020-04-22,1657
2020-04-23,1716
2020-04-24,1778
2020-04-25,1836
2020-04-26,1865
2020-04-27,1887
2020-04-28,1924
2020-04-29,1955
2020-04-30,2031
2020-05-01,2046
2020-05-02,2094
2020-05-03,2127
2020-05-04,2160
2020-05-05,2189
2020-05-06,2217
2020-05-07,2266
2020-05-08,2314
2020-05-09,2336
2020-05-10,2387
2020-05-11,2411
2020-05-12,2509
2020-05-13,2598
2020-05-14,2620
2020-05-15,2652
2020-05-16,2691
2020-05-17,2741
2020-05-18,2762
2020-05-19,2802
2020-05-20,2880
2020-05-21,2950
2020-05-22,3006
2020-05-23,3078
2020-05-24,3132
2020-05-25,3180
2020-05-26,3261
2020-05-27,3333
2020-05-28,3396
2020-05-29,3463
2020-05-30,3513
2020-05-31,3554
2020-06-01,3662
2020-06-02,3718
2020-06-03,3718
2020-06-04,3874
2020-06-05,3965
2020-06-06,4022
2020-06-07,4181
2020-06-08,4352
2020-06-09,4448
2020-06-10,4547
2020-06-11,4695
2020-06-12,4819
2020-06-13,4901
2020-06-14,4994
2020-06-15,5103
2020-06-16,5293
2020-06-17,5561
2020-06-18,5697
2020-06-19,5855
2020-06-20,6025
2020-06-21,6216
2020-06-22,6358
2020-06-23,6500
2020-06-24,6755
2020-06-25,6990
2020-06-26,7228
2020-06-27,7490
2020-06-28,7725
2020-06-29,8031
2020-06-30,8298
2020-07-01,8627
2020-07-02,8904
2020-07-03,9199
2020-07-04,9500
2020-07-05,9829
2020-07-06,10143
2020-07-07,10459
2020-07-08,10838
2020-07-09,11259
2020-07-10,11723
2020-07-11,12206
2020-07-12,12706
2020-07-13,13193
2020-07-14,13872
2020-07-15,14293
2020-07-16,14787
2020-07-17,15349
2020-07-18,15896
2020-07-19,16429
2020-07-20,16966
2020-07-21,17590
2020-07-22,18171
2020-07-23,18531
2020-07-24,18986
2020-07-25,19653
2020-07-26,20226
2020-07-27,20820
2020-07-28,21506
2020-07-29,22169
2020-07-30,22872
2020-07-31,23558
2020-08-01,24304
2020-08-02,25040
2020-08-03,25828
2020-08-04,26550
2020-08-05,27314
2020-08-06,28069
2020-08-07,28809
2020-08-08,29459
2020-08-09,30197
2020-08-10,30820
2020-08-11,31545
2020-08-12,32215
2020-08-13,32837
2020-08-14,33561
2020-08-15,34251
2020-08-16,34944
2020-08-17,35513
2020-08-18,36100
2020-08-19,36760
2020-08-20,37366
2020-08-21,37825
2020-08-22,38231
2020-08-23,38698
2020-08-24,39065
2020-08-25,39506
2020-08-26,39790
2020-08-27,40195
2020-08-28,40613
2020-08-29,40953
2020-08-30,41303
2020-08-31,41651
2020-09-01,41994
2020-09-02,42370
2020-09-03,42540
2020-09-04,42903
2020-09-05,43169
2020-09-06,43476
2020-09-07,43775
2020-09-08,44107
2020-09-09,44557
2020-09-10,45160
2020-09-11,45927
2020-09-12,46498
2020-09-13,47042
2020-09-14,47620
2020-09-15,48192
2020-09-16,48776
2020-09-17,49385
2020-09-18,49994
2020-09-19,50634
2020-09-20,51235
2020-09-21,51789
2020-09-22,52491
2020-09-23,53051
2020-09-24,53667
2020-09-25,54181
2020-09-26,54462
2020-09-27,54953
2020-09-28,55593
2020-09-29,56068
2020-09-30,56519
2020-10-01,57319
2020-10-02,57776
2020-10-03,57776
2020-10-04,58421
2020-10-05,58859
2020-10-06,59197
2020-10-07,59579
2020-10-08,59905
2020-10-09,60233
2020-10-10,60562
2020-10-11,60894
2020-10-12,61205
2020-10-13,61534
2020-10-14,61859
2020-10-15,62175
2020-10-16,62484
2020-10-17,62809
2020-10-18,63124
2020-10-19,63430
2020-10-20,63737
2020-10-21,64010
2020-10-22,64335
2020-10-23,64633
2020-10-24,64923
2020-10-25,65200
2020-10-26,65480
2020-10-27,65765
2020-10-28,66037
2020-10-29,66313
2020-10-30,66542
2020-10-31,66801
2020-11-01,67055
2020-11-02,67254
2020-11-03,67501
2020-11-04,67698
2020-11-05,67932
2020-11-06,68139
2020-11-07,68223
2020-11-08,68593
2020-11-09,68788
2020-11-10,69027
2020-11-11,69173
2020-11-12,69397
2020-11-13,69680
2020-11-14,69914
2020-11-15,70102
2020-11-16,70243
2020-11-17,70444
2020-11-18,70648
2020-11-19,70858
2020-11-20,71071
2020-11-21,71280
2020-11-22,71552
2020-11-23,71713
2020-11-24,71847
2020-11-25,72039
2020-11-26,72227
2020-11-27,72409
2020-11-28,72582
2020-11-29,72809
2020-11-30,72920
2020-12-01,73094
2020-12-02,73276
2020-12-03,73431
2020-12-04,73592
2020-12-05,73751
2020-12-06,73904
2020-12-07,74053
2020-12-08,74206
2020-12-09,74352
2020-12-10,74498
2020-12-11,74664
2020-12-12,74811
2020-12-13,74811
2020-12-14,75094
2020-12-15,75241
2020-12-16,75396
2020-12-17,75538
2020-12-18,75675
2020-12-19,75806
2020-12-20,75806
2020-12-21,76048
2020-12-22,76048
2020-12-23,76315
2020-12-24,76456
2020-12-25,76568
2020-12-26,76666
2020-12-27,76751
2020-12-28,76832
2020-12-29,76907
2020-12-30,76985
2020-12-31,77060
2021-01-01,77126
2021-01-02,77182
2021-01-03,77238
2021-01-04,77258
2021-01-05,77295
2021-01-06,77350
2021-01-07,77412
2021-01-08,77485
2021-01-09,77530
2021-01-10,77572
2021-01-11,77611
2021-01-12,77663
2021-01-13,77716
2021-01-14,77777
2021-01-15,77845
2021-01-16,77904
2021-01-17,77968
2021-01-18,78036
2021-01-19,78091
2021-01-20,78163
2021-01-21,78219
2021-01-22,78272
2021-01-23,78317
2021-01-24,78375
2021-01-25,78429
2021-01-26,78471
2021-01-27,78510
2021-01-28,78556
2021-01-29,78602
2021-01-30,78672
2021-01-31,78711
2021-02-01,78755
2021-02-02,78801
2021-02-03,78859
2021-02-04,78916
2021-02-05,78989
2021-02-06,79045
2021-02-07,79098
2021-02-08,79162
2021-02-09,79204
2021-02-10,79237
2021-02-11,79303
2021-02-12,79340
2021-02-13,79381
2021-02-14,79416
2021-02-15,79442
2021-02-16,79461
2021-02-17,79497
2021-02-18,79548
2021-02-19,79598
2021-02-20,79632
2021-02-21,79654
2021-02-22,79681
2021-02-23,79717
2021-02-24,79749
2021-02-25,79773
2021-02-26,79804
2021-02-27,79836
2021-02-28,79886
2021-03-01,79926
2021-03-02,79961
2021-03-03,80006
2021-03-04,80035
2021-03-05,80081
2021-03-06,80125
2021-03-07,80176
2021-03-08,80219
2021-03-09,80247
2021-03-10,80268
2021-03-11,80347
2021-03-12,80392
2021-03-13,80481
2021-03-14,80567
2021-03-15,80678
2021-03-16,80743
2021-03-17,80858
2021-03-18,80971
2021-03-19,81095
2021-03-20,81221
2021-03-21,81339
2021-03-22,81446
2021-03-23,81559
2021-03-24,81678
2021-03-25,81816
2021-03-26,81960
2021-03-27,82146
2021-03-28,82340
2021-03-29,82536
2021-03-30,82682
2021-03-31,82869
2021-04-01,83050
2021-04-02,83239
2021-04-03,83435
2021-04-04,83623
2021-04-05,83802
2021-04-06,83935
2021-04-07,84127
2021-04-08,84322
2021-04-09,84529
2021-04-10,84724
2021-04-11,84922
2021-04-12,85114
2021-04-13,85291
2021-04-14,85503
2021-04-15,85730
2021-04-16,86022
2021-04-17,86338
2021-04-18,86680
2021-04-19,86982
2021-04-20,87225
2021-04-21,87551
2021-04-22,87935
2021-04-23,88280
2021-04-24,88679
2021-04-25,89027
2021-04-26,89355
2021-04-27,89630
2021-04-28,90008
2021-04-29,90406
2021-04-30,90808
2021-05-01,91250
2021-05-02,91643
2021-05-03,92006
2021-05-04,92320
2021-05-05,92724
2021-05-06,93176
2021-05-07,93597
2021-05-08,93978
2021-05-09,94397
2021-05-10,94759
2021-05-11,95072
2021-05-12,95467
2021-05-13,95826
2021-05-14,96117
2021-05-15,96368
2021-05-16,96670
2021-05-17,96893
2021-05-18,97068
2021-05-19,97280
2021-05-20,97543
2021-05-21,97856
2021-05-22,98164
2021-05-23,98451
2021-05-24,98657
2021-05-25,98849
2021-05-26,99064
2021-05-27,99344
2021-05-28,99580
2021-05-29,99844
2021-05-30,100124
2021-05-31,100335
2021-06-01,100495
2021-06-02,100726
2021-06-03,100997
2021-06-04,101198
2021-06-05,101436
2021-06-06,101722
2021-06-07,101964
2021-06-08,102163
2021-06-09,102362
2021-06-10,102605
2021-06-11,102892
2021-06-12,103206
2021-06-13,103510
2021-06-14,103813
2021-06-15,104113
2021-06-16,104463
2021-06-17,104834
2021-06-18,105219
2021-06-19,105610
2021-06-20,106025
2021-06-21,106452
2021-06-22,106847
2021-06-23,107266
2021-06-24,107708
2021-06-25,108184
2021-06-26,108730
2021-06-27,109223
2021-06-28,109692
2021-06-29,110190
2021-06-30,110677
2021-07-01,111153
2021-07-02,111648
2021-07-03,112130
2021-07-04,112597
2021-07-05,113072
2021-07-06,113568
2021-07-07,114039
2021-07-08,114529
2021-07-09,115011
2021-07-10,115478
2021-07-11,115963
2021-07-12,116421
2021-07-13,116918
2021-07-14,117409
2021-07-15,117902
2021-07-16,118380
2021-07-17,118881
2021-07-18,119388
2021-07-19,119973
2021-07-20,120631
2021-07-21,121329
2021-07-22,122048
2021-07-23,122786
2021-07-24,123559
2021-07-25,124290
2021-07-26,124995
2021-07-27,125784
2021-07-28,126627
2021-07-29,127506
2021-07-30,128403
2021-07-31,129327
2021-08-01,130216
2021-08-02,131079
2021-08-03,131978
2021-08-04,132901
2021-08-05,133852
2021-08-06,134826
2021-08-07,135738
2021-08-08,136635
2021-08-09,137491
2021-08-10,138382
2021-08-11,139285
2021-08-12,140210
2021-08-13,141158
2021-08-14,142124
2021-08-15,143041
2021-08-16,143918
2021-08-17,144764
2021-08-18,145615
2021-08-19,146459
2021-08-20,147322
2021-08-21,148203
2021-08-22,149058
2021-08-23,149876
2021-08-24,150683
2021-08-25,151517
2021-08-26,152363
2021-08-27,153204
2021-08-28,154033
2021-08-29,154844
2021-08-30,155639
2021-08-31,156394
2021-09-01,157136
2021-09-02,157872
2021-09-03,158561
2021-09-04,159209
2021-09-05,159871
2021-09-06,160511
2021-09-07,161108
2021-09-08,161768
2021-09-09,162421
2021-09-10,163108
2021-09-11,163770
2021-09-12,164364
2021-09-13,164890
2021-09-14,165421
2021-09-15,166025
2021-09-16,166644
2021-09-17,167268
2021-09-18,167858
2021-09-19,168437
2021-09-20,168938
2021-09-21,169467
2021-09-22,169989
2021-09-23,170520
2021-09-24,171080
2021-09-25,171588
2021-09-26,172090
2021-09-27,172493
2021-09-28,172899
2021-09-29,173409
2021-09-30,173895
2021-10-01,174408
2021-10-02,174879
2021-10-03,175267
2021-10-04,175715
2021-10-05,176019
2021-10-06,176477
2021-10-07,176964
2021-10-08,177383
2021-10-09,177834
2021-10-10,178259
2021-10-11,178637
2021-10-12,178986
2021-10-13,179371
2021-10-14,179711
2021-10-15,180162
2021-10-16,180566
2021-10-17,180958
2021-10-18,181312
2021-10-19,181654
2021-10-20,182060
2021-10-21,182421
2021-10-22,182819
2021-10-23,183191
2021-10-24,183569
2021-10-25,183928
2021-10-26,184233
2021-10-27,184563
2021-10-28,184905
2021-10-29,185295
2021-10-30,185647
2021-10-31,185963
2021-11-01,186244
2021-11-02,186521
2021-11-03,186793
2021-11-04,187085
2021-11-05,187381
2021-11-06,187666
2021-11-07,187924
2021-11-08,188169
2021-11-09,188398
2021-11-10,188619
2021-11-11,188892
2021-11-12,189186
2021-11-13,189458
2021-11-14,189683
2021-11-15,189915
2021-11-16,190104
2021-11-17,190332
2021-11-18,190584
2021-11-19,190850
2021-11-20,191122
2021-11-21,191334
2021-11-22,191576
2021-11-23,191750
2021-11-24,191956
2021-11-25,192175
2021-11-26,192381
2021-11-27,192599
2021-11-28,192831
2021-11-29,193065
2021-11-30,193208
2021-12-01,193424
2021-12-02,193633
2021-12-03,193893
2021-12-04,194105
2021-12-05,194333
2021-12-06,194556
2021-12-07,194703
2021-12-08,194904
2021-12-09,195098
2021-12-10,195246
2021-12-11,195524
2021-12-12,195747
2021-12-13,195958
2021-12-14,196094
2021-12-15,196303
2021-12-16,196522
2021-12-17,196739
2021-12-18,196900
2021-12-19,197074
2021-12-20,197268
2021-12-21,197392
2021-12-22,197566
2021-12-23,197753
2021-12-24,197918
2021-12-25,198099
2021-12-26,198242
2021-12-27,198387
2021-12-28,198487
2021-12-29,198626
2021-12-30,198769
2021-12-31,198903
2022-01-01,199030
2022-01-02,199118
2022-01-03,199182
2022-01-04,199271
2022-01-05,199361
2022-01-06,199507
2022-01-07,199758
2022-01-08,199972
2022-01-09,200341
2022-01-10,200730
2022-01-11,201155
2022-01-12,201759
2022-01-13,202473
2022-01-14,203297
2022-01-15,204173
2022-01-16,205085
2022-01-17,206122
2022-01-18,207057
2022-01-19,208271
2022-01-20,209578
2022-01-21,210899
2022-01-22,212289
2022-01-23,213767
2022-01-24,215063
2022-01-25,216186
2022-01-26,217360
2022-01-27,218477
2022-01-28,219663
2022-01-29,220815
2022-01-30,221919
2022-01-31,223008
2022-02-01,224023
2022-02-02,225110
2022-02-03,226036
2022-02-04,226997
2022-02-05,227909
2022-02-06,228796
2022-02-07,229628
2022-02-08,230401
2022-02-09,231179
2022-02-10,231871
2022-02-11,232496
2022-02-12,233000
2022-02-13,233439
2022-02-14,233761
2022-02-15,234063
2022-02-16,234359
2022-02-17,234600
2022-02-18,234872
2022-02-19,235063
2022-02-20,235267
2022-02-21,235427
2022-02-22,235602
2022-02-23,235740
2022-02-24,235880
2022-02-25,236036
2022-02-26,236174
2022-02-27,236399
2022-02-28,236405
2022-03-01,236501
2022-03-02,236596
2022-03-03,236687
2022-03-04,236771
2022-03-05,236840
2022-03-06,236899
2022-03-07,236967
2022-03-08,236994
2022-03-09,237045
2022-03-10,237059
2022-03-11,237129
2022-03-12,237169
2022-03-13,237238
2022-03-14,237260
2022-03-15,237281
2022-03-16,237341
2022-03-17,237384
2022-03-18,237414
2022-03-19,237438
2022-03-20,237476
2022-03-21,237508
2022-03-22,237520
2022-03-23,237527
2022-03-24,237533
2022-03-25,237542
2022-03-26,237589
2022-03-27,237641
2022-03-28,237679
2022-03-29,237687
2022-03-30,237710
2022-03-31,237749
2022-04-01,237787
2022-04-02,237828
2022-04-03,237853
2022-04-04,237888
2022-04-05,237906
2022-04-06,237932
2022-04-07,237967
2022-04-08,237994
2022-04-09,238040
2022-04-10,238071
2022-04-11,238088
2022-04-12,238098
2022-04-13,238145
2022-04-14,238176
2022-04-15,238214
2022-04-16,238252
2022-04-17,238288
2022-04-18,238313
2022-04-19,238321
2022-04-20,238357
2022-04-21,238391
2022-04-22,238418
2022-04-23,238442
2022-04-24,238469
2022-04-25,238503
2022-04-26,238510
2022-04-27,238535
2022-04-28,238556
2022-04-29,238577
2022-04-30,238596
2022-05-01,238608
2022-05-02,238627
2022-05-03,238628
2022-05-04,238636
2022-05-05,238651
2022-05-06,238660
2022-05-07,238695
2022-05-08,238715
2022-05-09,238736
2022-05-10,238743
2022-05-11,238747
2022-05-12,238767
2022-05-13,238778
2022-05-14,238788
2022-05-15,238802
2022-05-16,238818
2022-05-17,238824
2022-05-18,238842
2022-05-19,238855
2022-05-20,238868
2022-05-21,238910
2022-05-22,238929
2022-05-23,238940
2022-05-24,238945
2022-05-25,238964
2022-05-26,238975
2022-05-27,238983
2022-05-28,238993
2022-05-29,239010
2022-05-30,239025
2022-05-31,239028
2022-06-01,239046
2022-06-02,239059
2022-06-03,239077
2022-06-04,239092
2022-06-05,239123
2022-06-06,239135
2022-06-07,239141
2022-06-08,239159
2022-06-09,239182
2022-06-10,239203
2022-06-11,239236
2022-06-12,239263
2022-06-13,239272
2022-06-14,239280
2022-06-15,239319
2022-06-16,239376
2022-06-17,239435
2022-06-18,239525
2022-06-19,239633
2022-06-20,239726
2022-06-21,239813
2022-06-22,239895
2022-06-23,239993
2022-06-24,240087
2022-06-25,240206
2022-06-26,240345
2022-06-27,240478
2022-06-28,240569
2022-06-29,240667
2022-06-30,240764
2022-07-01,240856
2022-07-02,240945
2022-07-03,241040
2022-07-04,241122
2022-07-05,241196
2022-07-06,241283
2022-07-07,241377
2022-07-08,241468
2022-07-09,241566
2022-07-10,241655
2022-07-11,241738
2022-07-12,241814
2022-07-13,241882
2022-07-14,241953
2022-07-15,242043
2022-07-16,242140
2022-07-17,242236
2022-07-18,242305
2022-07-19,242366
2022-07-20,242437
2022-07-21,242502
2022-07-22,242570
2022-07-23,242632
2022-07-24,242691
2022-07-25,242747
2022-07-26,242811
2022-07-27,242879
2022-07-28,242944
2022-07-29,243002
2022-07-30,243051
2022-07-31,243093
2022-08-01,243131
2022-08-02,243162
2022-08-03,243195
2022-08-04,243232
2022-08-05,243266
2022-08-06,243294
2022-08-07,243328
2022-08-08,243360
2022-08-09,243388
2022-08-10,243423
2022-08-11,243460
2022-08-12,243487
2022-08-13,243509
2022-08-14,243537
2022-08-15,243562
2022-08-16,243586
2022-08-17,243605
2022-08-18,243623
2022-08-19,243638
2022-08-20,243654
2022-08-21,243666
2022-08-22,243677
2022-08-23,243691
2022-08-24,243710
2022-08-25,243728
2022-08-26,243743
2022-08-27,243757
2022-08-28,243768
2022-08-29,243778
2022-08-30,243784
2022-08-31,243801
2022-09-01,243815
2022-09-02,243830
2022-09-03,243840
2022-09-04,243855
2022-09-05,243863
2022-09-06,243879
2022-09-07,243893
2022-09-08,243906
2022-09-09,243924
2022-09-10,243941
2022-09-11,243957
2022-09-12,243970
2022-09-13,243981
2022-09-14,243993
2022-09-15,244006
2022-09-16,244023
2022-09-17,244038
2022-09-18,244051
2022-09-19,244060
2022-09-20,244072
2022-09-21,244084
2022-09-22,244105
2022-09-23,244120
2022-09-24,244139
2022-09-25,244151
2022-09-26,244160
2022-09-27,244173
2022-09-28,244186
2022-09-29,244199
2022-09-30,244218
2022-10-01,244227
2022-10-02,244238
2022-10-03,244245
2022-10-04,244257
2022-10-05,244275
2022-10-06,244285
2022-10-07,244296
2022-10-08,244315
2022-10-09,244324
2022-10-10,244334
2022-10-11,244337
2022-10-12,244350
2022-10-13,244361
2022-10-14,244382
2022-10-15,244391
2022-10-16,244404
2022-10-17,244421
2022-10-18,244424
2022-10-19,244438
2022-10-20,244450
2022-10-21,244461
2022-10-22,244467
2022-10-23,244482
2022-10-24,244500
2022-10-25,244504
2022-10-26,244523
2022-10-27,244551
2022-10-28,244572
2022-10-29,244600
2022-10-30,244621
2022-10-31,244648
2022-11-01,244664
2022-11-02,244696
2022-11-03,244716
2022-11-04,244739
2022-11-05,244778
2022-11-06,244810
2022-11-07,244827
2022-11-08,244864
2022-11-09,244878
2022-11-10,244890
2022-11-11,244918
2022-11-12,244949
2022-11-13,244991
2022-11-14,245047
2022-11-15,245068
2022-11-16,245116
2022-11-17,245177
2022-11-18,245246
2022-11-19,245338
2022-11-20,245419
2022-11-21,245508
2022-11-22,245569
2022-11-23,245665
2022-11-24,245763
2022-11-25,245858
2022-11-26,245982
2022-11-27,246111
2022-11-28,246248
2022-11-29,246379
2022-11-30,246520
2022-12-01,246674
2022-12-02,246833
2022-12-03,246989
2022-12-04,247151
2022-12-05,247304
2022-12-06,247424
2022-12-07,247581
2022-12-08,247716
2022-12-09,247838
2022-12-10,247968
2022-12-11,248088
2022-12-12,248210
2022-12-13,248268
2022-12-14,248369
2022-12-15,248503
2022-12-16,248625
2022-12-17,248727
2022-12-18,248836
2022-12-19,248899
2022-12-20,248948
2022-12-21,249045
2022-12-22,249139
2022-12-23,249217
2022-12-24,249309
2022-12-25,249380
2022-12-26,249441
2022-12-27,249472
2022-12-28,249518
2022-12-29,249564
2022-12-30,249634
2022-12-31,249675
2023-01-01,249717
2023-01-02,249748
2023-01-03,249766
2023-01-04,249786
2023-01-05,249819
2023-01-06,249867
2023-01-07,249926
2023-01-08,249994
2023-01-09,250039
2023-01-10,250066
2023-01-11,250102
2023-01-12,250137
2023-01-13,250185
2023-01-14,250220
2023-01-15,250244
2023-01-16,250261
2023-01-17,250273
2023-01-18,250307
2023-01-19,250332
2023-01-20,250360
2023-01-21,250379
2023-01-22,250407
2023-01-23,250428
2023-01-24,250443
2023-01-25,250463
2023-01-26,250483
2023-01-27,250508
2023-01-28,250528
2023-01-29,250544
2023-01-30,250563
2023-01-31,250567
2023-02-01,250586
2023-02-02,250598
2023-02-03,250622
2023-02-04,250643
2023-02-05,250660
2023-02-06,250676
2023-02-07,250681
2023-02-08,250702
2023-02-09,250717
2023-02-10,250743
2023-02-11,250767
2023-02-12,250783
2023-02-13,250799
2023-02-14,250805
2023-02-15,250829
2023-02-16,250850
2023-02-17,250873
2023-02-18,250888
2023-02-19,250902
2023-02-20,250927
2023-02-21,250932
2023-02-22,250954
2023-02-23,250964
2023-02-24,250981
2023-02-25,251010
2023-02-26,251036
2023-02-27,251056
2023-02-28,251071
2023-03-01,251097
2023-03-02,251117
2023-03-03,251152
2023-03-04,251176
2023-03-05,251202
2023-03-06,251229
2023-03-07,251247
2023-03-08,251273
2023-03-09,251307
2023-03-10,251314
2023-03-11,251339
2023-03-12,251364
2023-03-13,251409
2023-03-14,251430
2023-03-15,251464
2023-03-16,251501
2023-03-17,251539
2023-03-18,251579
2023-03-19,251613
2023-03-20,251638
2023-03-21,251660
2023-03-22,251673
2023-03-23,251684
2023-03-24,251695
2023-03-25,251733
2023-03-26,251770
2023-03-27,251807
2023-03-28,251839
2023-03-29,251878
2023-03-30,251915
2023-03-31,251956
2023-04-01,251994
2023-04-02,252020
2023-04-03,252053
2023-04-04,252071
2023-04-05,252110
2023-04-06,252141
2023-04-07,252179
2023-04-08,252219
2023-04-09,252247
2023-04-10,252265
2023-04-11,252265
2023-04-12,252320
2023-04-13,252356
2023-04-14,252394
2023-04-15,252432
2023-04-16,252471
2023-04-17,252500
2023-04-18,252514
2023-04-19,252555
2023-04-20,252595
2023-04-21,252635
2023-04-22,252674
2023-04-23,252683
2023-04-24,252698
2023-04-25,252725
2023-04-26,252753
2023-04-27,252794
2023-04-28,252841
2023-04-29,252886
2023-04-30,252928
2023-05-01,252971
2023-05-02,253009
2023-05-03,253052
2023-05-04,253100
2023-05-05,253146
2023-05-06,253193
2023-05-07,253237
2023-05-08,253276
2023-05-09,253287
2023-05-10,253287
